Global HU Statistics
Organ ID | Name      | Global Min | Global P10 | Global Mean | Global P90 | Global Max | Global Std
-----------------------------------------------------------------------------------------------
       1 | Bladder   |     -659.0 |      -11.5 |        3.0 |       17.6 |      593.0 |      5.9
       2 | Colon     |    -1000.0 |     -417.3 |     -115.1 |       40.4 |     3071.0 |    111.7
       3 | Femur_Head_L |     -688.0 |       88.4 |      277.2 |      475.8 |     3071.0 |    200.3
       4 | Femur_Head_R |     -116.0 |       86.4 |      265.2 |      491.5 |     1626.0 |     69.4
       5 | Kidney_L  |     -134.0 |       -0.5 |       22.4 |       39.9 |     1252.0 |      4.2
       6 | Kidney_R  |     -131.0 |       -1.6 |       22.3 |       40.3 |      162.0 |      4.4
       7 | Liver     |     -416.0 |       30.9 |       51.4 |       68.9 |      869.0 |     12.6
       8 | Rectum    |    -1000.0 |     -189.2 |      -39.1 |       41.3 |     3071.0 |    101.7
       9 | SmallIntestine |    -1000.0 |     -106.9 |       21.1 |      163.5 |     3071.0 |     44.7
      10 | SpinalCord |     -163.0 |        0.0 |       27.2 |       57.6 |      312.0 |      4.0
      11 | Stomach   |    -1000.0 |     -779.2 |     -176.0 |       40.4 |      157.0 |     82.1
